X Z
0 0.0586936
0.0598802 0.0586936
0.11976 0.0586936
0.179641 0.0586936
0.239521 0.0586936
0.299401 0.0586936
0.359281 0.0586936
0.419162 0.0586936
0.479042 0.0586936
0.538922 0.0586936
0.598802 0.0586936
0.658683 0.0586936
0.718563 0.0586937
0.778443 0.0586937
0.838323 0.0586937
0.898204 0.0586937
0.958084 0.0586937
1.01796 0.0586937
1.07784 0.0586937
1.13772 0.0586936
1.1976 0.0586935
1.25749 0.0586935
1.31737 0.0586934
1.37725 0.0586934
1.43713 0.0586933
1.49701 0.0586933
1.55689 0.0586933
1.61677 0.0586934
1.67665 0.0586935
1.73653 0.0586936
1.79641 0.0586937
1.85629 0.0586939
1.91617 0.058694
1.97605 0.0586941
2.03593 0.0586942
2.09581 0.0586942
2.15569 0.0586942
2.21557 0.0586941
2.27545 0.0586939
2.33533 0.0586937
2.39521 0.0586935
2.45509 0.0586932
2.51497 0.0586929
2.57485 0.0586926
2.63473 0.0586924
2.69461 0.0586923
2.75449 0.0586923
2.81437 0.0586924
2.87425 0.0586925
2.93413 0.0586929
2.99401 0.0586933
3.05389 0.0586938
3.11377 0.0586943
3.17365 0.0586949
3.23353 0.0586955
3.29341 0.0586959
3.35329 0.0586963
3.41317 0.0586964
3.47305 0.0586964
3.53293 0.0586962
3.59281 0.0586957
3.65269 0.058695
3.71257 0.0586941
3.77246 0.0586931
3.83234 0.058692
3.89222 0.0586909
3.9521 0.0586899
4.01198 0.058689
4.07186 0.0586883
4.13174 0.0586879
4.19162 0.0586879
4.2515 0.0586882
4.31138 0.058689
4.37126 0.0586902
4.43114 0.0586918
4.49102 0.0586937
4.5509 0.0586958
4.61078 0.0586981
4.67066 0.0587003
4.73054 0.0587023
4.79042 0.0587041
4.8503 0.0587054
4.91018 0.058706
4.97006 0.058706
5.02994 0.0587051
5.08982 0.0587033
5.1497 0.0587007
5.20958 0.0586971
5.26946 0.0586928
5.32934 0.0586877
5.38922 0.0586821
5.4491 0.0586762
5.50898 0.0586703
5.56886 0.0586646
5.62874 0.0586594
5.68862 0.0586551
5.7485 0.058652
5.80838 0.0586504
5.86826 0.0586506
5.92814 0.058653
5.98802 0.0586577
6.0479 0.0586649
6.10778 0.0586747
6.16766 0.0586871
6.22754 0.0587021
6.28743 0.0587195
6.34731 0.0587391
6.40719 0.0587604
6.46707 0.058783
6.52695 0.0588065
6.58683 0.05883
6.64671 0.058853
6.70659 0.0588746
6.76647 0.0588939
6.82635 0.0589102
6.88623 0.0589224
6.94611 0.0589297
7.00599 0.0589313
7.06587 0.0589262
7.12575 0.0589137
7.18563 0.0588932
7.24551 0.0588641
7.30539 0.0588261
7.36527 0.0587788
7.42515 0.0587223
7.48503 0.0586566
7.54491 0.0585821
7.60479 0.0584993
7.66467 0.0584089
7.72455 0.058312
7.78443 0.0582097
7.84431 0.0581034
7.90419 0.0579945
7.96407 0.0578849
8.02395 0.0577764
8.08383 0.0576708
8.14371 0.0575704
8.20359 0.0574772
8.26347 0.0573933
8.32335 0.0573209
8.38323 0.057262
8.44311 0.0572187
8.50299 0.0571929
8.56287 0.0571863
8.62275 0.0572007
8.68263 0.0572373
8.74251 0.0572975
8.8024 0.0573823
8.86228 0.0574923
8.92216 0.0576283
8.98204 0.0577903
9.04192 0.0579785
9.1018 0.0581925
9.16168 0.058432
9.22156 0.0586963
9.28144 0.0589843
9.34132 0.0592951
9.4012 0.0596272
9.46108 0.0599794
9.52096 0.0603499
9.58084 0.0607373
9.64072 0.0611396
9.7006 0.0615553
9.76048 0.0619825
9.82036 0.0624195
9.88024 0.0628646
9.94012 0.0633162
10 0.0637729
10.0599 0.0642332
10.1198 0.064696
10.1796 0.0651604
10.2395 0.0656253
10.2994 0.0660903
10.3593 0.066555
10.4192 0.0670191
10.479 0.0674828
10.5389 0.0679464
10.5988 0.0684103
10.6587 0.0688754
10.7186 0.0693426
10.7784 0.0698132
10.8383 0.0702884
10.8982 0.0707699
10.9581 0.0712594
11.018 0.0717587
11.0778 0.0722699
11.1377 0.0727951
11.1976 0.0733363
11.2575 0.073896
11.3174 0.0744763
11.3772 0.0750797
11.4371 0.0757083
11.497 0.0763646
11.5569 0.0770507
11.6168 0.0777689
11.6766 0.0785213
11.7365 0.07931
11.7964 0.0801369
11.8563 0.081004
11.9162 0.0819128
11.976 0.0828652
12.0359 0.0838625
12.0958 0.0849061
12.1557 0.0859973
12.2156 0.0871372
12.2754 0.0883266
12.3353 0.0895663
12.3952 0.090857
12.4551 0.0921992
12.515 0.0935932
12.5749 0.0950392
12.6347 0.0965371
12.6946 0.0980868
12.7545 0.0996878
12.8144 0.10134
12.8743 0.103041
12.9341 0.104792
12.994 0.106591
13.0539 0.108435
13.1138 0.110324
13.1737 0.112255
13.2335 0.114225
13.2934 0.116231
13.3533 0.118271
13.4132 0.120339
13.4731 0.122432
13.5329 0.124545
13.5928 0.126672
13.6527 0.128808
13.7126 0.130945
13.7725 0.133078
13.8323 0.135197
13.8922 0.137296
13.9521 0.139365
14.012 0.141395
14.0719 0.143377
14.1317 0.145301
14.1916 0.147158
14.2515 0.148936
14.3114 0.150626
14.3713 0.152218
14.4311 0.153702
14.491 0.155069
14.5509 0.156308
14.6108 0.157413
14.6707 0.158376
14.7305 0.159189
14.7904 0.159846
14.8503 0.160344
14.9102 0.160678
14.9701 0.160845
15.0299 0.160845
15.0898 0.160678
15.1497 0.160344
15.2096 0.159846
15.2695 0.159189
15.3293 0.158376
15.3892 0.157413
15.4491 0.156308
15.509 0.155069
15.5689 0.153702
15.6287 0.152218
15.6886 0.150626
15.7485 0.148936
15.8084 0.147158
15.8683 0.145301
15.9281 0.143377
15.988 0.141395
16.0479 0.139365
16.1078 0.137296
16.1677 0.135197
16.2275 0.133078
16.2874 0.130945
16.3473 0.128808
16.4072 0.126672
16.4671 0.124545
16.5269 0.122432
16.5868 0.120339
16.6467 0.118271
16.7066 0.116231
16.7665 0.114225
16.8263 0.112255
16.8862 0.110324
16.9461 0.108435
17.006 0.106591
17.0659 0.104792
17.1257 0.103041
17.1856 0.10134
17.2455 0.0996878
17.3054 0.0980868
17.3653 0.0965371
17.4251 0.0950392
17.485 0.0935932
17.5449 0.0921992
17.6048 0.090857
17.6647 0.0895663
17.7246 0.0883266
17.7844 0.0871372
17.8443 0.0859973
17.9042 0.0849061
17.9641 0.0838625
18.024 0.0828652
18.0838 0.0819128
18.1437 0.081004
18.2036 0.0801369
18.2635 0.07931
18.3234 0.0785213
18.3832 0.0777689
18.4431 0.0770507
18.503 0.0763646
18.5629 0.0757083
18.6228 0.0750797
18.6826 0.0744763
18.7425 0.073896
18.8024 0.0733363
18.8623 0.0727951
18.9222 0.0722699
18.982 0.0717587
19.0419 0.0712594
19.1018 0.0707699
19.1617 0.0702884
19.2216 0.0698132
19.2814 0.0693426
19.3413 0.0688754
19.4012 0.0684103
19.4611 0.0679464
19.521 0.0674828
19.5808 0.0670191
19.6407 0.066555
19.7006 0.0660903
19.7605 0.0656253
19.8204 0.0651604
19.8802 0.064696
19.9401 0.0642332
20 0.0637729
20.0599 0.0633162
20.1198 0.0628646
20.1796 0.0624195
20.2395 0.0619825
20.2994 0.0615553
20.3593 0.0611396
20.4192 0.0607373
20.479 0.0603499
20.5389 0.0599794
20.5988 0.0596272
20.6587 0.0592951
20.7186 0.0589843
20.7784 0.0586963
20.8383 0.058432
20.8982 0.0581925
20.9581 0.0579785
21.018 0.0577903
21.0778 0.0576283
21.1377 0.0574923
21.1976 0.0573823
21.2575 0.0572975
21.3174 0.0572373
21.3772 0.0572007
21.4371 0.0571863
21.497 0.0571929
21.5569 0.0572187
21.6168 0.057262
21.6766 0.0573209
21.7365 0.0573933
21.7964 0.0574772
21.8563 0.0575704
21.9162 0.0576708
21.976 0.0577764
22.0359 0.0578849
22.0958 0.0579945
22.1557 0.0581034
22.2156 0.0582097
22.2754 0.058312
22.3353 0.0584089
22.3952 0.0584993
22.4551 0.0585821
22.515 0.0586566
22.5749 0.0587223
22.6347 0.0587788
22.6946 0.0588261
22.7545 0.0588641
22.8144 0.0588932
22.8743 0.0589137
22.9341 0.0589262
22.994 0.0589313
23.0539 0.0589297
23.1138 0.0589224
23.1737 0.0589102
23.2335 0.0588939
23.2934 0.0588746
23.3533 0.058853
23.4132 0.05883
23.4731 0.0588065
23.5329 0.058783
23.5928 0.0587604
23.6527 0.0587391
23.7126 0.0587195
23.7725 0.0587021
23.8323 0.0586871
23.8922 0.0586747
23.9521 0.0586649
24.012 0.0586577
24.0719 0.058653
24.1317 0.0586506
24.1916 0.0586504
24.2515 0.058652
24.3114 0.0586551
24.3713 0.0586594
24.4311 0.0586646
24.491 0.0586703
24.5509 0.0586762
24.6108 0.0586821
24.6707 0.0586877
24.7305 0.0586928
24.7904 0.0586971
24.8503 0.0587007
24.9102 0.0587033
24.9701 0.0587051
25.0299 0.058706
25.0898 0.058706
25.1497 0.0587054
25.2096 0.0587041
25.2695 0.0587023
25.3293 0.0587003
25.3892 0.0586981
25.4491 0.0586958
25.509 0.0586937
25.5689 0.0586918
25.6287 0.0586902
25.6886 0.058689
25.7485 0.0586882
25.8084 0.0586879
25.8683 0.0586879
25.9281 0.0586883
25.988 0.058689
26.0479 0.0586899
26.1078 0.0586909
26.1677 0.058692
26.2275 0.0586931
26.2874 0.0586941
26.3473 0.058695
26.4072 0.0586957
26.4671 0.0586962
26.5269 0.0586964
26.5868 0.0586964
26.6467 0.0586963
26.7066 0.0586959
26.7665 0.0586955
26.8263 0.0586949
26.8862 0.0586943
26.9461 0.0586938
27.006 0.0586933
27.0659 0.0586929
27.1257 0.0586925
27.1856 0.0586924
27.2455 0.0586923
27.3054 0.0586923
27.3653 0.0586924
27.4251 0.0586926
27.485 0.0586929
27.5449 0.0586932
27.6048 0.0586935
27.6647 0.0586937
27.7246 0.0586939
27.7844 0.0586941
27.8443 0.0586942
27.9042 0.0586942
27.9641 0.0586942
28.024 0.0586941
28.0838 0.058694
28.1437 0.0586939
28.2036 0.0586937
28.2635 0.0586936
28.3234 0.0586935
28.3832 0.0586934
28.4431 0.0586933
28.503 0.0586933
28.5629 0.0586933
28.6228 0.0586934
28.6826 0.0586934
28.7425 0.0586935
28.8024 0.0586935
28.8623 0.0586936
28.9222 0.0586937
28.982 0.0586937
29.0419 0.0586937
29.1018 0.0586937
29.1617 0.0586937
29.2216 0.0586937
29.2814 0.0586937
29.3413 0.0586936
29.4012 0.0586936
29.4611 0.0586936
29.521 0.0586936
29.5808 0.0586936
29.6407 0.0586936
29.7006 0.0586936
29.7605 0.0586936
29.8204 0.0586936
29.8802 0.0586936
29.9401 0.0586936
