T Value
0 -8.88178e-16
0.0124688 -8.88178e-16
0.0249377 -2.66454e-15
0.0374065 -2.66454e-15
0.0498753 -7.99361e-15
0.0623441 -1.77636e-14
0.074813 -2.66454e-14
0.0872818 -4.17444e-14
0.0997506 -5.24025e-14
0.112219 -6.83897e-14
0.124688 -7.90479e-14
0.137157 -9.50351e-14
0.149626 -9.50351e-14
0.162095 -8.26006e-14
0.174564 -7.63833e-14
0.187032 -6.57252e-14
0.199501 -6.30607e-14
0.21197 -6.12843e-14
0.224439 -6.75016e-14
0.236908 -7.81597e-14
0.249377 -8.79297e-14
0.261845 -8.9706e-14
0.274314 -1.00364e-13
0.286783 -1.14575e-13
0.299252 -1.20792e-13
0.311721 -1.27898e-13
0.32419 -1.23457e-13
0.336658 -1.23457e-13
0.349127 -1.35891e-13
0.361596 -1.40332e-13
0.374065 -1.47438e-13
0.386534 -1.53655e-13
0.399002 -1.56319e-13
0.411471 -1.49214e-13
0.42394 -1.53655e-13
0.436409 -1.55431e-13
0.448878 -1.54543e-13
0.461347 -1.59872e-13
0.473815 -1.55431e-13
0.486284 -1.62537e-13
0.498753 -1.64313e-13
0.511222 -1.62537e-13
0.523691 -1.50102e-13
0.53616 -1.72307e-13
0.548628 -1.68754e-13
0.561097 -1.68754e-13
0.573566 -1.69642e-13
0.586035 -1.74083e-13
0.598504 -1.66089e-13
0.610973 -1.82077e-13
0.623441 -1.78524e-13
0.63591 -1.81188e-13
0.648379 -1.81188e-13
0.660848 -1.85629e-13
0.673317 -1.84741e-13
0.685786 -1.88294e-13
0.698254 -1.93623e-13
0.710723 -1.98952e-13
0.723192 -1.9007e-13
0.735661 -1.84741e-13
0.74813 -1.92735e-13
0.760599 -1.803e-13
0.773067 -1.95399e-13
0.785536 -1.98952e-13
0.798005 -1.90958e-13
0.810474 -1.82077e-13
0.822943 -1.803e-13
0.835411 -1.88294e-13
0.84788 -1.87406e-13
0.860349 -1.81188e-13
0.872818 -1.93623e-13
0.885287 -1.87406e-13
0.897756 -1.803e-13
0.910224 -1.84741e-13
0.922693 -1.84741e-13
0.935162 -1.82965e-13
0.947631 -1.81188e-13
0.9601 -1.84741e-13
0.972569 -1.72307e-13
0.985037 -1.83853e-13
0.997506 -1.92735e-13
1.00998 -1.89182e-13
1.02244 -1.89182e-13
1.03491 -1.86517e-13
1.04738 -1.89182e-13
1.05985 -1.94511e-13
1.07232 -1.803e-13
1.08479 -1.84741e-13
1.09726 -1.79412e-13
1.10973 -1.86517e-13
1.12219 -1.89182e-13
1.13466 -1.85629e-13
1.14713 -1.82965e-13
1.1596 -1.85629e-13
1.17207 -1.82077e-13
1.18454 -1.83853e-13
1.19701 -1.85629e-13
1.20948 -1.75859e-13
1.22195 -1.91847e-13
1.23441 -1.84741e-13
1.24688 -1.85629e-13
1.25935 -1.89182e-13
1.27182 -1.90958e-13
1.28429 -1.90958e-13
1.29676 -1.82077e-13
1.30923 -1.86517e-13
1.3217 -1.82077e-13
1.33416 -1.88294e-13
1.34663 -1.92735e-13
1.3591 -1.89182e-13
1.37157 -1.91847e-13
1.38404 -1.78524e-13
1.39651 -1.81188e-13
1.40898 -1.85629e-13
1.42145 -1.87406e-13
1.43392 -1.87406e-13
1.44638 -1.81188e-13
1.45885 -1.82077e-13
1.47132 -1.86517e-13
1.48379 -1.77636e-13
1.49626 -1.83853e-13
1.50873 -1.82965e-13
1.5212 -1.9007e-13
1.53367 -1.75859e-13
1.54613 -1.82077e-13
1.5586 -1.89182e-13
1.57107 -1.76748e-13
1.58354 -1.78524e-13
1.59601 -1.77636e-13
1.60848 -1.78524e-13
1.62095 -1.73195e-13
1.63342 -1.7053e-13
1.64589 -1.73195e-13
1.65835 -1.66978e-13
1.67082 -1.67866e-13
1.68329 -1.7053e-13
1.69576 -1.68754e-13
1.70823 -1.66089e-13
1.7207 -1.61648e-13
1.73317 -1.61648e-13
1.74564 -1.68754e-13
1.7581 -1.64313e-13
1.77057 -1.59872e-13
1.78304 -1.62537e-13
1.79551 -1.56319e-13
1.80798 -1.53655e-13
1.82045 -1.51879e-13
1.83292 -1.56319e-13
1.84539 -1.54543e-13
1.85786 -1.42997e-13
1.87032 -1.42109e-13
1.88279 -1.35003e-13
1.89526 -1.43885e-13
1.90773 -1.35003e-13
1.9202 -1.33227e-13
1.93267 -1.3145e-13
1.94514 -1.29674e-13
1.95761 -1.27898e-13
1.97007 -1.3145e-13
1.98254 -1.28786e-13
1.99501 -1.2168e-13
2.00748 -1.19016e-13
2.01995 -1.19904e-13
2.03242 -1.20792e-13
2.04489 -1.19904e-13
2.05736 -1.12799e-13
2.06983 -1.1191e-13
2.08229 -1.1191e-13
2.09476 -1.03029e-13
2.10723 -1.1191e-13
2.1197 -9.68114e-14
2.13217 -1.06581e-13
2.14464 -9.68114e-14
2.15711 -9.41469e-14
2.16958 -1.00364e-13
2.18204 -9.32587e-14
2.19451 -9.14824e-14
2.20698 -8.61533e-14
2.21945 -9.23706e-14
2.23192 -8.88178e-14
2.24439 -8.79297e-14
2.25686 -8.9706e-14
2.26933 -9.14824e-14
2.2818 -9.50351e-14
2.29426 -9.14824e-14
2.30673 -8.88178e-14
2.3192 -8.52651e-14
2.33167 -8.79297e-14
2.34414 -7.81597e-14
2.35661 -8.26006e-14
2.36908 -8.08242e-14
2.38155 -7.63833e-14
2.39401 -7.28306e-14
2.40648 -6.75016e-14
2.41895 -6.83897e-14
2.43142 -6.75016e-14
2.44389 -6.66134e-14
2.45636 -6.21725e-14
2.46883 -6.4837e-14
2.4813 -5.59552e-14
2.49377 -6.30607e-14
2.50623 -6.12843e-14
2.5187 -5.32907e-14
2.53117 -6.21725e-14
2.54364 -5.32907e-14
2.55611 -4.88498e-14
2.56858 -5.9508e-14
2.58105 -5.50671e-14
2.59352 -5.32907e-14
2.60599 -5.59552e-14
2.61845 -5.06262e-14
2.63092 -5.68434e-14
2.64339 -5.68434e-14
2.65586 -5.24025e-14
2.66833 -5.68434e-14
2.6808 -5.24025e-14
2.69327 -5.77316e-14
2.70574 -6.03961e-14
2.7182 -6.12843e-14
2.73067 -5.15143e-14
2.74314 -5.06262e-14
2.75561 -4.79616e-14
2.76808 -5.32907e-14
2.78055 -4.9738e-14
2.79302 -4.70735e-14
2.80549 -5.41789e-14
2.81796 -4.79616e-14
2.83042 -4.9738e-14
2.84289 -5.32907e-14
2.85536 -4.9738e-14
2.86783 -4.88498e-14
2.8803 -4.52971e-14
2.89277 -4.79616e-14
2.90524 -4.44089e-14
2.91771 -4.70735e-14
2.93017 -4.9738e-14
2.94264 -4.35207e-14
2.95511 -4.26326e-14
2.96758 -4.70735e-14
2.98005 -5.15143e-14
2.99252 -4.17444e-14
3.00499 -4.61853e-14
3.01746 -5.15143e-14
3.02993 -4.52971e-14
3.04239 -4.26326e-14
3.05486 -4.79616e-14
3.06733 -5.24025e-14
3.0798 -5.59552e-14
3.09227 -5.50671e-14
3.10474 -5.59552e-14
3.11721 -5.68434e-14
3.12968 -6.30607e-14
3.14214 -5.59552e-14
3.15461 -5.32907e-14
3.16708 -5.86198e-14
3.17955 -5.06262e-14
3.19202 -4.88498e-14
3.20449 -5.15143e-14
3.21696 -5.41789e-14
3.22943 -4.17444e-14
3.2419 -4.26326e-14
3.25436 -4.61853e-14
3.26683 -4.52971e-14
3.2793 -3.90799e-14
3.29177 -3.81917e-14
3.30424 -4.26326e-14
3.31671 -4.61853e-14
3.32918 -4.08562e-14
3.34165 -4.26326e-14
3.35411 -4.61853e-14
3.36658 -4.08562e-14
3.37905 -4.88498e-14
3.39152 -4.17444e-14
3.40399 -4.52971e-14
3.41646 -3.9968e-14
3.42893 -5.06262e-14
3.4414 -4.52971e-14
3.45387 -4.44089e-14
3.46633 -5.15143e-14
3.4788 -4.9738e-14
3.49127 -4.35207e-14
3.50374 -4.52971e-14
3.51621 -4.70735e-14
3.52868 -3.81917e-14
3.54115 -4.44089e-14
3.55362 -4.08562e-14
3.56608 -3.81917e-14
3.57855 -3.73035e-14
3.59102 -4.08562e-14
3.60349 -4.35207e-14
3.61596 -3.9968e-14
3.62843 -3.4639e-14
3.6409 -3.28626e-14
3.65337 -3.19744e-14
3.66584 -2.75335e-14
3.6783 -2.93099e-14
3.69077 -3.19744e-14
3.70324 -3.28626e-14
3.71571 -2.93099e-14
3.72818 -2.30926e-14
3.74065 -2.30926e-14
3.75312 -2.57572e-14
3.76559 -2.75335e-14
3.77805 -2.75335e-14
3.79052 -3.19744e-14
3.80299 -2.75335e-14
3.81546 -2.57572e-14
3.82793 -3.01981e-14
3.8404 -2.93099e-14
3.85287 -3.19744e-14
3.86534 -3.10862e-14
3.87781 -2.57572e-14
3.89027 -2.75335e-14
3.90274 -2.66454e-14
3.91521 -3.28626e-14
3.92768 -2.66454e-14
3.94015 -2.93099e-14
3.95262 -2.93099e-14
3.96509 -2.30926e-14
3.97756 -2.39808e-14
3.99002 -2.75335e-14
4.00249 -2.57572e-14
4.01496 -2.75335e-14
4.02743 -3.55271e-14
4.0399 -2.57572e-14
4.05237 -2.57572e-14
4.06484 -3.37508e-14
4.07731 -3.37508e-14
4.08978 -2.84217e-14
4.10224 -3.10862e-14
4.11471 -3.10862e-14
4.12718 -2.30926e-14
4.13965 -3.01981e-14
4.15212 -2.66454e-14
4.16459 -2.93099e-14
4.17706 -2.04281e-14
4.18953 -3.64153e-14
4.202 -2.4869e-14
4.21446 -2.39808e-14
4.22693 -2.22045e-14
4.2394 -2.22045e-14
4.25187 -2.4869e-14
4.26434 -2.30926e-14
4.27681 -3.01981e-14
4.28928 -2.4869e-14
4.30175 -2.22045e-14
4.31421 -2.75335e-14
4.32668 -2.22045e-14
4.33915 -1.95399e-14
4.35162 -2.22045e-14
4.36409 -2.04281e-14
4.37656 -2.22045e-14
4.38903 -3.19744e-14
4.4015 -2.30926e-14
4.41397 -2.30926e-14
4.42643 -2.93099e-14
4.4389 -2.30926e-14
4.45137 -3.01981e-14
4.46384 -2.93099e-14
4.47631 -3.4639e-14
4.48878 -2.93099e-14
4.50125 -2.39808e-14
4.51372 -3.19744e-14
4.52618 -3.73035e-14
4.53865 -3.37508e-14
4.55112 -2.30926e-14
4.56359 -2.75335e-14
4.57606 -3.28626e-14
4.58853 -3.28626e-14
4.601 -2.93099e-14
4.61347 -3.37508e-14
4.62594 -3.55271e-14
4.6384 -3.4639e-14
4.65087 -3.73035e-14
4.66334 -2.75335e-14
4.67581 -3.73035e-14
4.68828 -3.28626e-14
4.70075 -2.93099e-14
4.71322 -3.10862e-14
4.72569 -3.01981e-14
4.73815 -3.10862e-14
4.75062 -3.19744e-14
4.76309 -3.64153e-14
4.77556 -2.75335e-14
4.78803 -3.10862e-14
4.8005 -2.57572e-14
4.81297 -3.10862e-14
4.82544 -2.93099e-14
4.83791 -3.19744e-14
4.85037 -3.73035e-14
4.86284 -2.84217e-14
4.87531 -3.28626e-14
4.88778 -3.10862e-14
4.90025 -3.01981e-14
4.91272 -3.28626e-14
4.92519 -3.37508e-14
4.93766 -3.10862e-14
4.95012 -3.73035e-14
4.96259 -3.10862e-14
4.97506 -4.61853e-14
4.98753 -3.01981e-14
